"time" "coef" "e.time" "e.coef"
1000 0.08 870.13 0.04
1002 0.2 891.615 0.05
1003 0.2 1069.28 0.04
1008 0.15 912.2 0.11
1012 0.04 814.83 0.01
1014 0.13 876.5 0.025
1015 0.11 841.82 0.000598967208182912
1015 0.1 751.81 0.02
1016 0.09 860.17 0.02
1017 0.15 938.385 0.08
1023 0.04 1010.66 0.02
1023 0.11 917.71 0.22
1023 0.17 954.46 0.06
1026 0.03 923.39 0.03
1026 0.19 822.2 0.03
1029 0.12 826.34 0.05
1032 0.17 931.905 0.02
1033 0.05 893.49 0.04
1038 0.06 859.95 0.07
1038 0.14 761.295 0.02
1043 0.06 957.51 0.02
1044 0.09 889.44 0.03
1045 0.12 943.44 0.11
1046 0.2 972.3 0.03
1047 0.2 969.14 0.03
1048 0.2 911.19 0.02
1049 0.13 949.72 0.03
1052 0.07 973.575 0.06
1052 0.14 1031.15 0.07
1055 0.07 805.78 0.025
1055 0.16 813.08 0
1057 0.08 961.78 0.02
1058 0.1 966.31 0.05
1061 0.06 918.49 0.03
1061 0.17 904.42 0.02
1064 0.2 940.98 0.05
1066 0.06 821.93 0.02
1070 0.19 1017.31 0.02
1072 0.09 951.77 0.01
1074 0.12 997.76 0.01
1075 0.1 909.77 0.04
1079 0.03 874.75 0.06
1080 0.09 955.18 0.02
1081 0.11 921.165 0.01
1083 0.13 907.44 0.03
1085 0.08 1036.31 0.03
1086 0.05 981.59 0.59
1087 0.03 952.53 0.02
1087 0.06 913.86 0.03
1094 0.15 851.03 0.06
1097 0.19 949.24 0.015
1099 0.04 913.34 0.02
1099 0.17 812.15 0.03
1100 0.15 1025.27 0.09
1101 0.03 855.63 0.03
1102 0.09 1009.585 0.015
1104 0.04 969.97 0.02
1104 0.12 826.255 0.055
1107 0.14 1051.7 0.1
1109 0.12 956.68 0.04
1112 0.17 898.52 0.03
1112 0.2 845.66 0.04
1113 0.11 963.85 0.04
1119 0.04 855.82 0.09
1119 0.14 999.03 0.02
1123 0.16 1342.4 0.04
1132 0.15 1052.84 0.03
1134 0.05 899.73 0.03
1138 0.11 1071.82 0.03
1138 0.1 1024.74 0.05
1141 0.12 965.27 0.03
1145 0.13 872.39 0.08
1145 0.19 514.75 0.06
1149 0.09 958.49 0.085
1151 0.11 896.975 0.05
1152 0.19 914.79 0.01
1154 0.11 908.74 0.035
1156 0.2 1050.45 0.11
1160 0.03 1032.96 0.03
1160 0.11 1017.46 0.04
1161 0.08 942.66 0.00228031970733259
1161 0.1 891.615 0.05
1161 0.2 859.18 0.06
1163 0.18 975.21 0.05
1165 0.18 927.91 0.04
1169 0.08 1044.55 0.015
1181 0.11 1110.29 0.02
1181 0.13 962 0.18
1186 0.03 1023.69 0.02
1186 0.13 803.56 0.03
1187 0.18 993.76 0.025
1188 0.11 792.56 0.03
1190 0.05 931.005 0.06
1196 0.19 993.67 0.16
1198 0.19 883.84 0.04
1206 0.2 932.9 0.01
1213 0.16 882.81 0.035
1218 0.11 1072.04 0.04
1220 0.18 947.42 0.055
1220 0.19 949.225 0.23
1221 0.04 1003 0.05
1222 0.17 984.22 0.08
1224 0.1 906.32 0.03
1226 0.11 1026.78 0.02
1226 0.14 948.98 0.17
1237 0.12 949.05 0.02
1242 0.19 920.43 0.05
1245 0.16 958.44 0.07
1255 0.05 1032.895 0.03
1255 0.14 944.55 0.035
1255 0.19 511.97 0.04
1256 0.04 1136.93 0.02
1256 0.16 929.05 0.03
1265 0.2 1128.31 0.06
1269 0.16 939.27 0.05
1270 0.18 1011.245 0.08
1275 0.03 906.3 0.02
1276 0.16 1055.35 0.09
1281 0.09 973.555 0.01
1292 0.1 544.145 0.04
1296 0.03 919.765 0.03
1305 0.19 601.81 0.03
1306 0.18 1073.805 0.045
1309 0.02 849.05 0.06
1309 0.15 557.7 0.1
1312 0.12 913.19 0.01
1316 0.06 1110.94 0.03
1324 0.06 1010.71 0.02
1327 0.06 945.45 0.03
1328 0.2 812.815 0.04
1343 0.13 1038.66 0.055
1347 0.06 928.96 0.03
1348 0.07 1115.42 0.04
1348 0.11 966.84 0.04
1352 0.14 939.93 0.05
1372 0.04 983.42 0.04
1402 0.18 1015.87 0.08
1407 0.06 1000.98 0.02
1418 0.19 961.515 0.04
1420 0.09 1035.91 0.04
1431 0.2 1006.2 0.06
1437 0.18 1073.6 0.055
1439 0.15 949.78 0.03
1444 0.09 958.69 0.04
1447 0.18 737.79 0.03
1450 0.15 984.77 0.12
1452 0.11 1021.23 0.04
1452 0.19 1111.88 0.08
1458 0.06 944.22 0.04
1478 0.16 879.9 0.05
1486 0.14 1041.78 0.04
1520 0.09 1056.055 0.03
1524 0.2 1098.27 0.04
1529 0.03 987.64 0.01
1540 0.07 1164.89 0.03
1546 0.2 969.935 0.05
1550 0.13 969.81 0.06
1551 0.19 1044.29 0.04
1552 0.14 1050.31 0.04
1554 0.16 1064.81 0.03
1555 0.08 1087.33 0.07
1572 0.06 978.96 0.03
1578 0.17 951.08 0.03
1588 0.12 702.87 0.02
1604 0.08 1028.58 0.01
1611 0.15 992.33 0.03
1613 0.2 1094.18 0.08
1630 0.19 700.04 0.04
1644 0.15 728.67 0.05
1660 0.16 1063.91 0.05
1667 0.07 1051.72 0.08
1672 0.2 1137.69 0.05
1691 0.15 802.55 0.03
1692 0.06 1052.735 0.04
1701 0.18 1125.26 0.055
1714 0.11 1058.59 0.04
1717 0.19 1118.735 0.04
1724 0.09 666.98 0.03
1725 0.19 814.54 0.02
1735 0.16 1066.75 0.055
1756 0.11 1061.32 0.07
1758 0.02 753.49 0.02
1765 0.13 1127.93 0.05
1765 0.2 937.75 0.04
1769 0.02 926.43 0.02
1775 0.03 809 0.02
1779 0.14 765.87 0.04
1802 0.11 806.52 0.05
1830 0.14 1043.185 0.075
1870 0.05 1012.26 0.03
1870 0.11 1153.825 0.02
1887 0.18 1169.025 0.06
1894 0.13 1191.97 0.03
1903 0.05 704.21 0.04
1905 0.09 761.31 0.02
1910 0.15 1060.59 0.08
1913 0.2 1193.92 0.06
1935 0.09 949.51 0.03
1945 0.09 792.02 0.035
1951 0.11 1159.99 0.08
1953 0.16 1180.92 0.04
1966 0.18 1147.12 0.03
1967 0.18 876.35 0.025
1975 0.14 1173.555 0.075
1980 0.06 841.3 0.02
1984 0.16 861.32 0.03
1990 0.14 1205.3 0.06
2023 0.13 1196.25 0.03
2027 0.13 1177.05 0.03
2032 0.12 793.46 0.03
2033 0.14 1139.46 0.04
2042 0.1 1160.445 0.03
2047 0.07 840.44 0.02
2049 0.17 824.23 0.06
2061 0.16 1155.895 0.05
2072 0.18 1216.54 0.03
2077 0.09 1023.95 0.02
2083 0.19 1097.23 0.075
2088 0.2 1272.66 0.02
2095 0.13 1170.08 0.04
2106 0.18 1187.635 0.0446065
2117 0.18 905.75 0.01
2124 0.2 855.49 0.05
2126 0.17 923.39 0.03
2130 0.14 1246.39 0.03
2141 0.2 821.55 0.03
2143 0.11 1128.51 0.03
2146 0.17 1002.63 0.03
2149 0.16 1155.33 0.04
2162 0.1 882.59 0.02
2162 0.2 886.19 0.07
2182 0.02 304.18 0.1
2213 0.15 959.48 0.07
2216 0.07 1137.06 0.0324868334700574
2233 0.15 1210.61 0.04
2290 0.2 826.04 0.05
2303 0.17 1371.515 0.05
2321 0.18 1164.88 0.03
2323 0.03 781.84 0.03
2325 0.12 925.29 0.04
2334 0.16 1231.715 0.035
2338 0.06 1176.03 0.03
2341 0.17 953.12 0.03
2353 0.12 1196.39 0.04
2358 0.19 1214.81 0.03
2370 0.04 949.28 0.02
2376 0.13 1062.27 0.02
2379 0.15 915.06 0.03
2383 0.2 1102.64 0.04
2388 0.15 1293.33 0.03
2401 0.11 1310.93 0.05
2428 0.18 941.17 0.02
2434 0.19 968.94 0.03
2444 0.17 983.94 0.02
2457 0.2 922.3 0.03
2465 0.16 1357.57 0.02
2474 0.09 959.72 0.01
2476 0.2 1487.815 0.0212881392637015
305 0.2 393.9 0.03
312 0.2 283.775 0.12
321 0.17 565.15 0.21
336 0.16 376.83 0.18
338 0.19 521.12 0.14
344 0.18 442 0.15
352 0.17 475.56 0.04
355 0.18 498.52 0.14
361 0.16 376.38 0.06
363 0.18 398.26 0.14
367 0.16 352.68 0.05
367 0.2 609.305 0.14
369 0.19 475.45 0.35
370 0.19 407.46 0.12
380 0.16 370.59 0.09
384 0.11 417.79 -1.36126228269085e-07
385 0.16 434.28 0.04
388 0.19 390.95 0.03
390 0.12 413.15 0.03
391 0.15 419.92 0.07
396 0.18 408.24 0.09
414 0.2 563.16 0.12
421 0.18 580.14 0.12
425 0.16 532.9 0.03
436 0.12 447.56 0.08
436 0.19 499.09 0.06
440 0.19 450.44 0.29
440 0.2 560.755 0.18
446 0.19 548.41 0.065
448 0.14 587.11 0.11
450 0.17 507.66 0.06
451 0.19 516.5 0.13
452 0.18 593.28 0.12
457 0.12 513.61 0.08
460 0.1 567.63 0.06
464 0.18 591.54 0.21
468 0.16 585.39 0.09
471 0.09 501.86 0.08
471 0.19 644.97 0.14
473 0.14 561.44 0.17
473 0.18 460.39 0.07
477 0.08 534.7 0.14
478 0.15 577.92 0.08
484 0.16 553.83 0.03
493 0.14 655.79 0.03
493 0.16 651.19 -0.00339092813765182
495 0.11 630.525 0.08
497 0.12 622.92 0.06
498 0.2 739.1 0.09
499 0.09 490.91 0.06
499 0.15 514.54 0.08
501 0.19 561.46 0.12
504 0.11 737.77 0.15
504 0.16 631.89 0.06
508 0.2 557.33 0.08
510 0.18 705.4 0.06
512 0.1 692.68 0.08
514 0.18 599.6 0.07
515 0.09 588.185 0.06
522 0.09 698.96 0.08
522 0.14 426.26 0.13
526 0.12 741.405 0.05
526 0.14 583.79 0.04
527 0.15 650.575 0.14
529 0.16 530.33 0.04
530 0.13 682.15 0.06
530 0.17 709.21 0.1
532 0.15 545.18 0.13
537 0.16 557.46 0.06
542 0.07 822.06 0.04
542 0.15 570.075 0.07
546 0.13 708.53 0.12
546 0.2 750.75 0.07
557 0.18 519.94 0.03
558 0.14 558.51 0.06
559 0.13 679.44 0.07
559 0.2 766.84 0.08
561 0.2 590.52 0.14
566 0.09 773.29 0.14
566 0.17 676.44 0.03
567 0.18 603.36 0.1
567 0.19 592.44 0.000316098989375486
568 0.19 590.165 0.1
569 0.09 820.15 0.13
569 0.17 522.93 0.04
570 0.16 490.76 0.12
572 0.18 640.52 0.19
573 0.11 705.68 0.06
574 0.19 564.8 0.05
575 0.15 629.72 0.26
579 0.15 729.46 0.1
580 0.2 542.36 0.07
583 0.13 631.85 0.04
590 0.14 687.36 0.22
594 0.09 519.46 0.06
595 0.15 701.49 0.05
597 0.09 765.315 0.08
600 0.13 708.705 0.055
600 0.1 627.07 0.04
601 0.15 682.84 0.065
602 0.16 741.625 0.02
603 0.08 745.9 0.05
604 0.14 635.22 0.055
604 0.16 703.785 0.06
605 0.11 519.37 0.06
606 0.08 720.48 0.06
609 0.16 785.56 0.07
610 0.15 651.99 0.04
611 0.16 573.45 0.24
614 0.18 669.98 0.07
615 0.2 594.28 0.105
619 0.15 746.28 0.03
625 0.13 812.17 0.06
626 0.07 704.22 0.1
628 0.09 687.73 0.04
630 0.17 760.72 0.04
631 0.19 745.635 0.04
632 0.07 689.33 0.05
632 0.2 630.32 0.07
635 0.14 734.74 0.03
635 0.19 652.82 0.08
636 0.16 757 0.09
637 0.19 754.905 0.04
639 0.19 645.25 0.02
642 0.2 526.12 0.02
643 0.06 746.42 0.01
644 0.18 763.37 0.04
646 0.1 774.45 0.02
647 0.09 850 0.05
648 0.14 732.27 0.05
648 0.18 710.01 0.08
648 0.2 659.86 0.03
649 0.2 610.75 0.08
651 0.05 595.18 0.08
657 0.13 877.025 0.04
657 0.17 728.34 0.13
661 0.15 862.495 0.02
662 0.11 847.005 0.06
665 0.08 682.785 0.065
666 0.14 821.8 0.06
667 0.15 752.91 0.09
667 0.16 683.16 0.06
667 0.19 718.68 0.31
670 0.09 835.9 0.03
671 0.07 817.86 0.04
671 0.12 905.69 0.04
672 0.09 733.95 0.04
672 0.11 823.49 0.03
672 0.18 700.83 0.01
674 0.04 821.34 0.03
674 0.18 706.15 0.15
675 0.13 767.15 0.02
675 0.1 759.99 0.03
676 0.17 674.89 0.05
677 0.15 689.74 0.08
677 0.17 676.04 0.03
678 0.15 711.935 0.02
678 0.1 818.36 0.03
679 0.18 775.53 0.06
681 0.15 707.26 0.06
682 0.12 796.82 0.08
682 0.13 738.63 0.06
682 0.16 748.065 0.08
686 0.06 696.33 0.05
686 0.15 837.12 0.03
690 0.16 560.31 0.07
693 0.16 725.03 0.05
694 0.06 740.57 0.01
696 0.07 873.16 0.04
696 0.08 767.19 0.04
697 0.08 723.96 0.09
699 0.17 701.09 0.12
700 0.05 870.09 0.2
700 0.17 798.27 0.11
702 0.14 886.25 0.055
702 0.16 621.075 0.06
703 0.18 767.15 0.06
706 0.08 663.07 0.11
707 0.17 844.66 0.07
708 0.18 802.66 0.17
710 0.14 724.57 0.1
714 0.04 870.4 0.05
715 0.12 853.3 0.12
716 0.18 711.62 0.04
722 0.1 714.28 0.09
726 0.17 843.24 0.05
729 0.1 773.4 0.03
730 0.11 773.89 0.03
732 0.12 792.44 0.06
733 0.15 723.6 0.09
737 0.07 779.56 0.01
743 0.09 759.185 0.03
745 0.09 856.89 0.05
747 0.04 762.58 0.05
749 0.08 642.69 0.04
749 0.2 727.745 0.04
751 0.16 715.54 0.03
760 0.15 632.135 0.05
762 0.2 774.12 0.03
765 0.15 723.95 0.05
768 0.19 919.325 0.05
769 0.16 985.575 0.02
771 0.06 665.52 0.04
771 0.1 1032.82 0.09
774 0.08 829.96 0.04
775 0.05 883.09 0.01
779 0.05 914.875 0.13
782 0.06 851.59 0.04
782 0.08 835.58 0.04
783 0.16 809.485 0.06
783 0.17 847.18 0.03
783 0.1 807.17 0.05
784 0.16 761.19 0.02
784 0.19 874.895 1.18
785 0.2 762.51 0.04
786 0.18 878.32 0.07
788 0.08 765.645 0.05
793 0.1 952.785 0.035
794 0.06 766.69 0.04
794 0.13 847.43 0.05
794 0.19 786.9 0.065
795 0.17 895.29 0.04
796 0.19 691.15 0.08
798 0.08 719.48 0.04
799 0.12 867.56 0.04
800 0.06 766.565 0.02
800 0.1 851.04 0.06
801 0.07 796.41 0.02
802 0.08 1015.52 0.02
802 0.12 800.77 0.065
803 0.06 837.85 0.03
805 0.14 844.97 1.7
807 0.07 776.75 0.07
808 0.2 720.9 0.03
809 0.04 784.31 0.08
810 0.18 876.03 0.045
815 0.19 989.17 0.06
816 0.16 914.48 0.08
817 0.19 834.56 0.07
819 0.06 808.27 0.05
819 0.15 834.07 0.03
819 0.2 838.27 0.06
820 0.19 758.96 0.000344000481489893
822 0.08 779.24 0.18
824 0.1 821.45 0.14
827 0.14 645.77 0.07
829 0.08 814.99 0.04
829 0.1 701.12 0.08
830 0.17 713.96 0.03
831 0.11 804.42 0.015
831 0.14 849.75 0.14
832 0.1 907.11 0.0030631699743918
839 0.08 906.305 0.04
839 0.1 785.61 0.03
840 0.16 867.125 0.04
843 0.09 1006.08 0.02
844 0.07 718.91 0.04
844 0.14 797.95 0.02
847 0.12 897.88 0.13
848 0.15 838.64 0.02
849 0.14 799.7 0.03
851 0.09 933.34 0.05
852 0.13 742.19 0.05
852 0.15 943.82 0.01
855 0.14 737.92 0.05
855 0.16 739.54 0.05
855 0.19 975.56 0.00419702030124427
857 0.2 790.91 0.05
858 0.2 837.54 0.04
865 0.04 867.56 0.01
870 0.17 881.88 0.085
874 0.13 879.87 0.02
875 0.07 906.35 0.07
877 0.1 741.245 0.04
879 0.05 810.36 0.04
879 0.15 888.58 0.03
883 0.18 861.915 0.08
885 0.09 944.32 0.04
888 0.09 962.52 0.04
890 0.1 815.555 0.03
891 0.11 878.63 0.02
892 0.05 931.005 0.02
896 0.09 969.95 0.07
896 0.16 779.775 0.035
898 0.11 1033.9 0.03
900 0.17 785.21 0.02
902 0.16 957.98 0.07
907 0.09 830.045 0.04
907 0.16 981.37 0.02
907 0.1 941.24 0.01
909 0.17 914.315 0.06
911 0.05 889.59 0.04
912 0.05 741.895 0.06
912 0.1 889.07 0.06
915 0.16 827.33 0.03
917 0.19 816.55 0.03
919 0.14 738.41 0.05
922 0.15 887.12 0.05
923 0.14 885.815 0.025
924 0.17 855.46 0.03
926 0.09 732.17 0.03
928 0.04 790.935 0.04
932 0.12 829.28 0.01
932 0.14 998.485 0.02
933 0.15 710.07 0.03
934 0.08 815.46 0.04
935 0.07 913.31 0.01
935 0.17 913.61 0.02
936 0.11 793.48 0.04
936 0.19 841.58 0.03
939 0.07 874.73 0.03
940 0.06 1002.4 0.0013613584445911
941 0.15 829.37 0.08
941 0.1 928.64 0.03
942 0.13 946.51 0.03
942 0.19 895.94 0.02
943 0.05 888.9 0.04
945 0.04 917.16 0.01
950 0.15 850.71 0.03
956 0.16 923.61 0.04
957 0.03 823.085 0.02
959 0.08 912.465 0.385
960 0.03 969.12 0.02
960 0.18 907.87 0.04
962 0.11 793.54 0.07
967 0.06 909.09 0.03
967 0.09 895.06 0.04
967 0.14 947.03 0.17
971 0.09 894.39 0.02
971 0.15 969.42 0.04
972 0.19 894.29 0.03
976 0.12 843.05 0.06
982 0.11 842.63 0.02
983 0.16 833.04 0.02
984 0.03 789.47 0.02
985 0.11 864.2 0.02
986 0.07 893.13 0.04
987 0.15 992.68 0.02
987 0.16 964.41 0.04
988 0.07 888.41 0.06
991 0.13 863.34 0.08
993 0.03 955.66 0.06
