"time" "coef" "e.time" "e.coef"
1004 0.07 773.31 0.02
1006 0.11 1047.79 0.00118951449230291
1008 0.2 748.51 0.045
1009 0.04 753.7 0.05
1013 0.07 829.15 0.06
1017 0.09 896.27 0.01
1028 0.16 524.6 0.07
1028 0.1 828.975 0.02
1029 0.17 814.49 0.03
1030 0.19 711.09 0.07
1032 0.06 864.59 0.01
1036 0.08 886.5 0.04
1036 0.12 879.665 0.00153895452769181
1036 0.19 602.19 0.12
1041 0.09 794.78 0.02
1043 0.17 845.07 0.01
1052 0.19 865.6 0.04
1061 0.1 899.47 0.04
1063 0.12 889.24 0.05
1064 0.05 809.34 0.00141260660397988
1065 0.09 799.1 0.11
1071 0.07 782.52 0.04
1074 0.2 818.365 0.02
1076 0.06 766.1 0.02
1083 0.15 766.62 0.04
1088 0.13 597.72 0.04
1095 0.04 748.04 0.04
1116 0.05 905.44 0.02
1118 0.19 788.155 0.02
1120 0.15 833.99 0.05
1125 0.03 887.58 0.02
1129 0.13 846.92 0.04
1133 0.04 863.83 0.01
1133 0.18 545.69 0.06
1146 0.18 834.42 0.02
1168 0.16 664.67 0.0221504097116843
1172 0.08 416.19 0.07
1175 0.12 531.16 0.045
1179 0.16 861.71 0.04
1193 0.14 969.28 0.04
1195 0.14 581.53 0.05
1202 0.07 972.42 1.09
1255 0.14 452.64 0.05
1257 0.04 804.47 0.02
1257 0.16 592.82 0.04
1259 0.03 722.62 0.02
1267 0.04 665.13 0.02
1296 0.16 691.81 0.07
1303 0.18 916.2 0.1
1304 0.11 694.63 0.04
1315 0.17 841.01 0.08
1326 0.14 697.95 0.04
1326 0.1 825.08 0.04
1327 0.07 531.97 0.12
1331 0.2 504.67 0.04
1358 0.1 818.63 0.085
1371 0.03 851.065 0.00801269320347237
1373 0.2 849.05 0.05
1387 0.2 590.89 0.05
1388 0.2 845.63 0.04
1401 0.17 666.625 0.05
1406 0.06 477.655 0.05
1416 0.2 649.95 0.05
1425 0.17 700.23 0.04
1443 0.03 422.73 0.01
1447 0.19 758.855 0.04
1464 0.15 602.54 0.08
1465 0.15 696.62 0.03
1498 0.19 739.105 0.03
1505 0.19 736.63 0.03
1506 0.04 545.92 0.02
1514 0.01 379.81 0.08
1549 0.05 631.14 0.07
1553 0.05 652.3 0.03
1565 0.04 690.64 0.0224374836173001
1571 0.14 933.97 0.165
1574 0.19 640.22 0.01
1578 0.17 662.83 0.03
1589 0.18 770.56 0.03
1594 0.19 694.97 0.07
1596 0.06 716.79 0.05
1609 0.08 732.53 0.06
1620 0.15 779.94 0.04
1628 0.19 911.08 0.06
1644 0.14 852.945 0.175
1659 0.18 728.82 0.06
1659 0.19 717.67 0.03
1681 0.08 759.62 0.04
1683 0.05 646.03 0.06
1686 0.15 710.22 0.05
1709 0.12 739.78 0.03
1719 0.2 807.145 0.03
1724 0.15 816.37 0.02
1733 0.19 746.09 0.05
1745 0.16 970.25 0.04
1762 0.02 462.13 0.04
1769 0.08 927.41 0.06
1783 0.12 783.15 0.04
1783 0.16 949.05 0.09
1784 0.19 887.72 0.04
1786 0.2 621.49 0.14
1788 0.2 950.45 0.065
1794 0.14 373.03 0.000112688815244408
1794 0.1 1085.615 0.05
1806 0.19 985.645 0.04
1820 0.17 696.41 0.06
1825 0.11 735.14 0.1
1829 0.16 708.99 0.03
1831 0.2 753.6 0.03
1842 0.08 744.05 0.05
1842 0.09 631.19 0.04
1851 0.2 741.19 0.05
1853 0.13 695.03 0.09
1856 0.16 613.64 0.05
1869 0.02 810.4 0.02
1874 0.2 620.87 0.03
1883 0.17 941.1 0.04
1888 0.08 740.165 0.02
1888 0.2 781.11 0.02
1900 0.13 698.485 0.03
1905 0.11 1003.61 0.06
1915 0.13 890.9 0.04
1916 0.19 812.64 0.05
1921 0.19 815.82 0.04
1929 0.2 983.4 0.08
1946 0.16 787.24 0.04
1951 0.11 736.48 0.04
1952 0.05 726.59 0.03
1957 0.02 748.4 0.03
1957 0.19 731.24 0.21
1970 0.19 746.62 0.03
1976 0.14 845.97 0.02
1989 0.08 804.23 0.02
1997 0.1 668.32 0.03
2000 0.2 764.52 0.04
2 0.03 335.34 1.25
2012 0.18 974.155 0.03
2012 0.2 729.43 0.03
2018 0.1 721.65 0.04
2020 0.14 839.16 0.02
2029 0.11 807.105 0.025
2035 0.15 765.13 0.03
2039 0.18 755.74 0.04
2051 0.12 951.77 0.09
2052 0.17 879.47 0.03
2057 0.14 988.815 0.06
2064 0.08 763.955 0.03
2079 0.13 883.02 0.06
2082 0.2 835.06 0.03
2085 0.14 1035.25 0.06
2096 0.16 1025.8 0.04
2098 0.15 906.455 0.05
2122 0.16 744.44 0.03
2123 0.03 908.55 0.03
2125 0.01 709.98 0.04
2134 0.14 839.89 0.03
2138 0.2 1032.96 0.09
2141 0.13 697.64 0.04
2149 0.16 858.02 0.03
2149 0.17 1055.57 0.03
2152 0.2 746.58 0.03
2157 0.02 632.76 0.025
2158 0.11 815.34 0.03
2159 0.13 959.51 0.01
2170 0.06 769.44 0.02
2175 0.02 806.52 0.03
2179 0.18 701.355 0.03
2179 0.2 859.52 0.03
2181 0.18 892.59 0.04
2185 0.17 980.765 0.095
2190 0.19 865.28 0.04
2192 0.13 915.38 0.02
2201 0.01 239.86 1.60312018489985e-05
2205 0.18 871.64 0.04
2214 0.19 712.93 0.03
2228 0.19 971.86 0.05
2236 0.1 871.815 0.03
2252 0.11 915.29 0.03
2269 0.16 940.73 0.03
2275 0.02 662.02 0.04
2283 0.17 1102.09 0.04
2315 0.16 788.34 0.0355217741573034
2317 0.19 950.115 0.045
2348 0.12 826.56 0.04
2350 0.18 1090.47 0.07
2367 0.05 650.57 0.03
2368 0.18 940.9 0.02
2371 0.15 952.15 0.01
2379 0.16 1032.69 0.09
2384 0.18 997.74 0.03
2413 0.17 861.37 0.03
2419 0.07 765.65 0.03
2424 0.17 382.55 0.04
2429 0.03 673.72 0.03
2433 0.15 843.71 0.03
2437 0.12 530.64 0.03
2450 0.06 738.23 0.02
2471 0.14 714.19 0.035
2481 0.18 882.17 0.04
2483 0.13 985.54 0.03
2483 0.18 1003.67 0.02
2483 0.1 741.64 0.06
2485 0.06 762.945 0.05
2490 0.16 701.46 0.04
2494 0.04 792.85 0.02
2494 0.18 908.49 0.02
309 0.19 407.97 0.67
325 0.19 388.93 0.2
329 0.18 454.57 0.06
342 0.18 400.75 0.1
346 0.17 477.53 0.18
351 0.15 436.69 0.04
351 0.17 393.65 0.16
354 0.16 369.23 0.9
366 0.17 570.83 0.26
368 0.18 505.9 0.135
370 0.2 505.12 0.14
376 0.17 514.56 2.54996900042176e-05
377 0.15 463.88 0.1
380 0.16 495.29 0.08
385 0.16 493.55 0.28
389 0.12 502.09 0.16
392 0.15 516.28 0.08
394 0.17 410.19 0.08
395 0.17 366.7 -4.00286486486486e-05
396 0.14 612.83 0.16
397 0.19 523.49 0.34
400 0.14 529.09 0.035
402 0.2 562.01 0.06
407 0.18 530.25 0.03
415 0.2 513.62 -0.00400254782608696
424 0.17 530.05 0.000520269908301158
427 0.17 464.36 0.02
432 0.17 524.03 0.02
434 0.15 537.31 0.05
436 0.17 542.315 0.04
444 0.18 654.27 0.13
445 0.13 527.08 0.06
446 0.17 757.095 5.93078346699568e-05
447 0.17 566.585 0.08
449 0.13 421.96 0.05
452 0.14 495.58 0.000287817440675499
454 0.18 635.63 -0.00024688285
456 0.1 522.25 0.14
461 0.2 476.64 0.08
471 0.15 594.84 0.04
472 0.2 670.38 0.03
480 0.13 712.56 0.13
481 0.12 550.03 0.11
483 0.14 490.72 0.000187537103890895
486 0.11 631.8 0.14
490 0.2 617.33 0.07
493 0.18 538.23 0.04
495 0.15 534.77 0.03
498 0.13 517.35 0.07
499 0.17 542.25 0.03
499 0.2 597.49 -0.00587396867469879
502 0.15 703.54 0.06
503 0.11 559.6 0.12
507 0.1 612.69 0.06
509 0.14 663.59 1.34
509 0.15 645.17 2.19
510 0.09 719.68 0.08
514 0.18 427.67 0.79
519 0.13 660.675 0.025
520 0.12 663.41 0.000182246968730057
521 0.09 526.54 0.11
521 0.16 621.31 0.02
521 0.2 697.84 0.6
522 0.13 665.8 0.01
523 0.19 631.11 0.04
524 0.16 705.02 0.06
527 0.13 639.89 0.04
527 0.14 623.01 0.03
530 0.2 581.09 0.07
532 0.09 512.67 0.07
534 0.12 723.95 0.03
536 0.18 635.78 6.31574239713774e-05
538 0.13 674.91 -1.43357667656714e-05
538 0.17 588.085 0.01
540 0.11 656 0.03
541 0.08 642.79 0.1
549 0.19 532.27 0.06
554 0.1 578.28 0.02
558 0.14 568.75 0.09
559 0.19 608.8 0.07
561 0.09 619.7 0.07
562 0.14 583.66 0.785
568 0.09 561.51 0.06
569 0.18 624.1 0.01
574 0.09 660.2 0.05
575 0.12 559.735 0.05
576 0.14 656.72 3.01081952117864e-05
577 0.18 626.1 0.045
578 0.11 689.07 0.14
580 0.16 573.8 0.000137882622200425
583 0.1 774.22 0.07
586 0.2 595.32 0.14
587 0.16 638.63 0.01
587 0.1 780.55 0.05
588 0.12 834.73 0.16
590 0.17 678.03 0.03
591 0.18 553.36 0
592 0.07 568.75 0.000110517007953968
592 0.09 659.92 0.03
595 0.13 687.59 0.04
597 0.09 724.88 0.04
598 0.11 767.925 0.035
600 0.18 689.44 0.11
600 0.19 576.8 0.01
602 0.19 673.045 0.095
608 0.11 754.65 0.05
608 0.14 620.79 0.05
612 0.07 692.36 0.000502542194092828
613 0.15 550.52 0.03
615 0.16 728.57 0.000587965838509317
618 0.09 796.7 0.19
621 0.06 785.34 0.04
623 0.1 683.01 0.000579443155452436
624 0.11 889.93 0.04
628 0.1 676.86 0.000337996428571429
629 0.1 759.255 0
630 0.16 751.37 0.03
632 0.15 692.58 0.02
635 0.1 750.38 -0.00158446282245827
636 0.05 792.31 0
640 0.07 706.84 0.06
644 0.13 670.99 0.01
644 0.14 705.22 0.055
649 0.08 721.71 0.00046789485458613
649 0.13 785.05 0.05
649 0.2 759.28 0.06
651 0.07 777.75 0.0150911973166108
653 0.09 788.19 0.05
658 0.2 625.885 0.045
659 0.09 726.2 0.05
659 0.13 676.37 0.06
661 0.12 691.345 0.05
661 0.15 667.93 0.01
662 0.07 827.18 0.00130581820325395
665 0.12 668.02 0.03
666 0.19 792.62 0.02
667 0.15 586.23 0.12
669 0.14 683.36 0.02
669 0.17 699.2 0.03
673 0.13 672.66 0.07
681 0.18 726.25 0.05
682 0.05 707.79 0.04
682 0.09 799.06 0.02
683 0.06 718.5 0.045
685 0.06 651.45 0.02
687 0.14 668.62 0.05
687 0.18 728.805 0.04
688 0.09 819.36 0.03
689 0.09 741.04 0.04
689 0.15 720.37 0.1
693 0.15 678.09 0.05
695 0.19 791.21 2
696 0.18 586.99 0.05
696 0.2 760.55 0.02
697 0.17 796.41 0.03
698 0.13 721.21 0.03
699 0.09 713.04 0.015
703 0.09 855.645 0.195
703 0.14 696.65 0.04
706 0.17 410.15 0.12
706 0.19 648.13 0.04
710 0.18 717.94 0.03
715 0.07 680.74 0.02
717 0.06 791.265 0.03
718 0.07 712 0.08
719 0.08 885.13 0.03
722 0.06 621.43 0.04
723 0.08 672.64 0.04
723 0.11 625.62 0.000367572118702553
724 0.08 798.115 0.02
724 0.12 867.47 0.02
724 0.1 679.88 0.03
725 0.2 803.6 0.03
726 0.12 706.1 0.03
727 0.04 809.45 0.06
727 0.06 709.96 0.06
727 0.08 742.48 0.05
728 0.14 670.445 0.026652022912657
729 0.12 820.65 0.05
730 0.2 663.55 1.08
731 0.09 697.54 0.000555745757330091
731 0.1 785 0
733 0.07 795.09 0.01
733 0.2 781.76 0.03
735 0.17 673.99 0.05
735 0.19 743.775 0.05
739 0.12 794.34 0.03
739 0.14 670.49 0.08
739 0.19 751.23 0.03
740 0.12 764.53 0.03
745 0.2 781.145 0.105
746 0.17 728.45 0.04
747 0.07 837.37 0.04
749 0.06 812.44 0.01
749 0.13 734.14 0.055
756 0.06 907.26 0.09
758 0.13 904.87 0.01
759 0.12 729.66 0.04
763 0.06 751.1 0.02
764 0.1 729.415 0.1
765 0.1 677.22 0.03
769 0.13 794.595 0.02
771 0.09 736.92 0.02
771 0.18 728.26 0.04
773 0.18 739.77 0.08
775 0.07 789.36 0.06
781 0.12 725.17 0.01
786 0.16 772.81 0.02
788 0.14 1312.48 0.02
793 0.11 815.53 0.00413677314620863
794 0.17 902.87 0.03
794 0.18 788.8 0.03
795 0.16 704.59 0.03
797 0.12 700.26 0.03
798 0.2 863.995 0.0013403404773622
800 0.19 832.95 0.02
802 0.07 773.06 0.06
802 0.11 907.1 0.01
803 0.08 707.32 0.01
803 0.13 751.11 0.03
805 0.16 809.5 0.07
809 0.12 828.83 0.02
809 0.18 791.66 0.03
809 0.2 668.96 0.04
811 0.17 666.11 0.05
812 0.08 828.59 0.03
813 0.19 628.25 0.13
814 0.18 719.99 0.09
814 0.1 871.69 0.11
815 0.06 795.5 0.03
817 0.18 685.875 0.08
819 0.17 664.56 0.06
821 0.05 675.74 0
821 0.19 674.735 0.03
823 0.16 748.38 0.07
826 0.09 682.21 0.03
828 0.17 805.09 0.05
831 0.16 712.09 0.05
838 0.08 680.78 0.05
838 0.12 692.98 0.03
840 0.1 788.73 6.14628155755242e-05
841 0.14 794.22 0.04
844 0.08 729.85 0.14
845 0.16 760.68 0.08
848 0.18 935.07 0.06
850 0.11 809.17 0.05
851 0.1 743.97 0.02
852 0.16 727.49 0.03
852 0.1 798.97 0.04
862 0.08 642.955 0.03
862 0.18 752.71 0.18
865 0.15 693.525 0.04
865 0.16 679.56 0.04
866 0.05 861.25 0.02
869 0.11 739.29 0.01
870 0.14 894.13 0.035
871 0.07 791.73 0.02
872 0.04 805.48 0.03
873 0.06 779.55 0.02
874 0.08 766.33 0.04
876 0.18 873.81 0.04
876 0.19 704.41 0.04
878 0.17 861.22 0.05
880 0.11 825.68 0.04
881 0.07 751.79 0.03
882 0.04 795.85 0.03
883 0.14 737.57 0.13
885 0.07 808.88 0.02
887 0.11 753.72 0.03
890 0.03 858.51 0.01
890 0.18 706.92 0.06
894 0.2 798.85 0.04
898 0.09 665.4 0.000234132022844999
898 0.13 893.75 0.01
902 0.07 851.25 0.02
905 0.18 754.68 0.16
908 0.11 811.9 0.03
909 0.08 764.81 0.02
909 0.16 780.99 0.02
911 0.16 855.05 0.05
925 0.03 780.45 0
926 0.08 848.67 0.01
927 0.16 910.35 0.04
930 0.14 585.24 0.065
931 0.18 791.13 0.02
933 0.16 829.365 0.03
936 0.13 761.7 0.04
946 0.06 744.91 0.06
946 0.14 785.63 0.00543101183809952
949 0.14 851.105 0.04
953 0.14 675.79 0.02
955 0.04 484.26 0.06
957 0.14 827.81 0.02
958 0.17 768.2 0.06
958 0.18 857.86 0.05
959 0.13 575.86 0.06
961 0.04 932.02 0.03
962 0.07 810.29 0.03
962 0.1 772.03 0.01
966 0.1 762.235 0.21
967 0.05 922.69 0.04
973 0.2 753.83 0.02
978 0.09 551.96 0.12
980 0.08 462.39 0.04
995 0.14 719.75 0.03
998 0.11 824.79 0.02
999 0.16 902.44 0.04
