"time" "coef" "e.time" "e.coef"
1000 0.15 862.4 0.11
1001 0.16 893.9 0.09
1002 0.11 890.94 0.05
1002 0.15 822.78 0.07
1003 0.11 868.11 0.05
1004 0.09 895.795 0.07
1009 0.2 1358.09 0.08
1012 0.19 1025.495 0.07
1013 0.12 1038.14 0.08
1014 0.14 775.72 0.05
1017 0.04 845.395 0.03
1017 0.06 874.07 0.05
1018 0.12 959.49 0.14
1020 0.09 1016.76 0.09
1021 0.16 1146.02 0.09
1022 0.03 1032.17 0.02
1023 0.05 1115.17 0.08
1027 0.06 847.04 0.04
1028 0.05 925.79 0.09
1030 0.12 1135.18 0.1
1032 0.15 783.27 0.04
1036 0.04 892.93 0.05
1036 0.16 1479.16 0.03
1037 0.08 870.51 0.06
1040 0.06 1066.11 0.15
1040 0.17 1369.22 0.07
1040 0.18 931.98 0.05
1041 0.1 1156.54 0.04
1042 0.16 1299.9 0.08
1047 0.1 1202.24 0.07
1051 0.06 1097.89 0.05
1053 0.17 1284.525 0.155
1055 0.12 1026.825 0.08
1056 0.04 1166.95 0.06
1059 0.16 1020.905 0.06
1061 0.11 787.38 0.09
1063 0.14 1102.3 0.06
1063 0.18 1030.44 0.05
1068 0.07 1099.52 0.06
1069 0.07 1205.03 0.04
1073 0.11 1074.28 0.11
1073 0.15 1179.93 0.03
1074 0.1 1021.41 0.05
1075 0.03 1255.9 0.09
1076 0.13 1090.58 0.03
1078 0.17 968.28 0.1
1081 0.08 1114.54 0.07
1081 0.14 1035 0.11
1086 0.14 946.69 0.06
1089 0.12 1322.99 0.03
1091 0.08 976.07 0.04
1091 0.18 1144.12 0.05
1092 0.06 1268.73 0.08
1096 0.07 1162.73 0.09
1097 0.06 1151.84 0.05
1098 0.18 1140.19 0.06
1098 0.19 1083.98 0.06
1100 0.09 970.16 0.04
1102 0.17 1510.53 0.09
1106 0.07 930.11 0.1
1106 0.2 1076.655 0.07
1108 0.2 975.56 0.12
1110 0.13 1145.9 0.07
1110 0.17 1054.96 0.1
1115 0.05 1057.54 0.05
1115 0.18 1022.05 0.05
1116 0.11 852.95 0.08
1117 0.17 1291.59 0.06
1119 0.05 1108.455 0.04
1121 0.11 976.58 0.08
1128 0.04 1002.04 0.04
1131 0.09 1050.93 0.06
1132 0.16 1041.865 0.05
1133 0.19 814.45 0.08
1135 0.04 877.75 0.05
1135 0.08 1474.51 0.06
1136 0.19 942.21 0.05
1137 0.13 1140.83 0.03
1139 0.05 1091.11 0.05
1140 0.05 1397.76 0.03
1140 0.08 1071.91 0.08
1143 0.09 924.17 0.05
1145 0.09 1650.06 0.05
1145 0.2 944.41 0.08
1146 0.19 1050.215 0.07
1147 0.18 1032.795 0.04
1148 0.04 959.36 0.04
1148 0.06 928.3 0.05
1148 0.08 1072.79 0.05
1149 0.04 1064.75 0.06
1150 0.07 1141.5 0.04
1156 0.13 1170.24 0.06
1156 0.17 1154.33 0.07
1156 0.2 1167.85 0.05
1158 0.06 998.255 0.07
1158 0.19 1055.41 0.07
1160 0.13 1142.78 0.07
1160 0.16 955.11 0.045
1160 0.1 1274.63 0.07
1163 0.03 1017.44 0.04
1163 0.16 1048.315 0.04
1168 0.19 993.83 0.03
1169 0.08 895.91 0.11
1171 0.17 970.3 0.07
1173 0.16 1106.96 0.04
1173 0.19 1092.7 0.07
1177 0.12 1290.19 0.09
1178 0.18 1182.72 0.06
1179 0.08 1175.22 0.04
1182 0.14 1007.25 0.07
1183 0.03 825.64 0.07
1183 0.15 1665.28 0.04
1184 0.16 1140.19 0.04
1185 0.04 1060.81 0.05
1185 0.14 995.215 0.06
1188 0.18 1074.405 0.05
1188 0.2 1065.88 0.1
1191 0.03 931.98 0.06
1191 0.14 1175.89 0.06
1191 0.2 1254.27 0.05
1192 0.06 1014.18 0.035
1192 0.09 1425.98 0.07
1192 0.14 1019.205 0.05
1192 0.18 1064.5 0.07
1193 0.08 1373.65 0.05
1195 0.1 1147.11 0.06
1196 0.08 1353.35 0.06
1196 0.14 1503.34 0.08
1201 0.13 1335.33 0.03
1204 0.06 954.1 0.06
1206 0.11 1136.22 0.11
1206 0.18 1187.98 0.07
1207 0.15 1161.66 0.14
1208 0.08 1478.9 0.04
1209 0.19 1175.055 0.08
1210 0.08 937.41 0.04
1211 0.03 807.72 0.05
1211 0.04 1640.88 0.03
1211 0.06 1156.88 0.04
1212 0.02 1172.3 0.04
1213 0.04 978.68 0.05
1213 0.05 1055.39 0.04
1215 0.07 1088.81 0.04
1217 0.1 998.49 0.06
1221 0.04 1301.9 0.04
1221 0.11 1120.54 0.05
1222 0.2 1014.05 0.04
1223 0.06 969.49 0.03
1224 0.2 1263.98 0.04
1225 0.05 982.4 0.04
1231 0.03 1123.67 0.03
1233 0.14 1220.33 0.08
1233 0.19 895.21 0.03
1238 0.08 1160.18 0.03
1239 0.09 1352.01 0.04
1242 0.03 974.25 0.05
1245 0.16 1402.69 0.04
1247 0.03 1136.28 0.09
1248 0.18 1111.1 0.12
1248 0.2 1182.035 0.09
1249 0.03 1180.63 0.03
1249 0.04 1045.14 0.04
1249 0.07 1309.21 0.05
1249 0.09 1207.2 0.04
1253 0.09 1049.67 0.06
1254 0.04 1721.19 0.04
1254 0.12 1274.71 0.04
1257 0.2 1210.06 0.09
1263 0.12 1365.38 0.07
1263 0.15 1076.6 0.07
1264 0.18 1090.18 0.06
1267 0.05 1149.32 0.07
1268 0.08 1111.15 0.07
1268 0.18 1184.32 0.04
1270 0.13 1216.11 0.04
1272 0.11 1222.375 0.03
1272 0.15 1198.36 0.04
1273 0.04 1237.61 0.04
1274 0.18 1315.17 0.08
1276 0.15 1283.375 0.045
1277 0.13 1306.78 0.06
1281 0.2 1189.05 0.1
1284 0.07 1143.9 0.04
1287 0.1 1065.415 0.04
1288 0.17 1191.41 0.04
1299 0.06 1280.68 0.05
1299 0.08 1298.825 0.04
1305 0.09 1345.09 0.04
1305 0.16 1310.445 0.05
1306 0.12 1347.39 0.06
1307 0.03 1475.075 0.02
1310 0.03 1153.96 0.03
1310 0.19 1251.155 0.08
1312 0.18 995.96 0.02
1312 0.2 994.215 0.08
1313 0.13 1209.62 0.04
1313 0.14 1212.87 0.05
1314 0.13 1161.625 0.04
1319 0.15 1205.385 0.07
1320 0.07 1101.92 0.04
1321 0.08 1103.24 0.03
1321 0.09 1389.54 0.05
1322 0.16 1165.955 0.08
1324 0.05 1671.02 0.02
1324 0.09 1159.26 0.04
1325 0.13 1121.5 0.06
1327 0.15 1266.05 0.06
1329 0.19 1357.13 0.04
1336 0.11 1161.08 0.05
1336 0.17 1225.99 0.09
1338 0.19 1028.34 0.04
1340 0.15 1217.21 0.09
1341 0.07 1105.435 0.05
1342 0.07 1258.28 0.04
1343 0.19 1211.185 0.05
1344 0.16 985.07 0.055
1347 0.16 1450.79 0.03
1348 0.2 1307.78 0.04
1349 0.14 1491.18 0.04
1351 0.14 1232.44 0.07
1351 0.2 1059.86 0.06
1356 0.13 1342.79 0.02
1358 0.11 1224.265 0.04
1359 0.02 1299.61 0.02
1362 0.12 1250.66 0.04
1365 0.08 1055.605 0.05
1367 0.13 1245.475 0.07
1368 0.15 933.25 0.0117149106157958
1370 0.07 1217.87 0.03
1371 0.07 1024.09 0.05
1372 0.06 1379.065 0.04
1374 0.09 1211.84 0.05
1379 0.15 1280.43 0.05
1380 0.04 1676.27 0.03
1381 0.15 1158.065 0.04
1382 0.05 1240.11 0.04
1386 0.17 1141.37 0.04
1387 0.16 1547.02 0.03
1392 0.04 1276.4 0.04
1393 0.03 1346.94 0.03
1393 0.16 1276.03 0.03
1397 0.05 1232.91 0.04
1398 0.08 1567.19 0.04
1398 0.11 1043.365 0.06
1401 0.16 1337.27 0.02
1403 0.12 1698.72 0.05
1403 0.19 1558.72 0.06
1405 0.04 1145.52 0.04
1405 0.08 955.16 0.09
1406 0.11 1337.79 0.04
1408 0.13 1262.66 0.08
1409 0.05 1599.47 0.03
1410 0.06 1462.12 0.03
1412 0.05 1415.65 0.02
1412 0.19 1971.26 0.06
1413 0.16 1500.235 0.03
1414 0.11 1088.71 0.44
1414 0.16 1253.22 0.03
1415 0.09 1224.425 0.105
1415 0.18 1088.42 0.06
1417 0.1 1362.74 0.03
1419 0.06 1347.77 0.05
1419 0.15 1374.52 0.03
1421 0.06 1403.935 0.03
1421 0.11 1188.64 0.61
1421 0.14 1389.1 0.05
1421 0.19 1130.245 0.05
1423 0.13 1173.64 0.04
1424 0.03 1324.81 0.035
1425 0.14 1192.18 0.07
1426 0.07 957.07 0.03
1426 0.08 1124.8 0.03
1427 0.09 1200.27 0.05
1429 0.17 1497.37 0.03
1429 0.19 1922.02 0.04
1430 0.2 1223.495 0.05
1433 0.03 1514.595 0.02
1433 0.06 1366.06 0.05
1435 0.02 1643.01 0.03
1435 0.11 1164.97 0.06
1436 0.08 1319.57 0.03
1438 0.11 1727.61 0.05
1439 0.1 1260.35 0.05
1440 0.15 1484.07 0.03
1446 0.04 1405.3 0.04
1446 0.09 1273.29 0.03
1446 0.2 1240.69 0.06
1447 0.08 1192.21 0.04
1449 0.16 1607.47 0.03
1450 0.17 1312.62 0.06
1451 0.04 1452.965 0.03
1451 0.09 1169.64 0.04
1451 0.14 1559.09 0.04
1454 0.03 1488.85 0.04
1454 0.11 1555.54 0.04
1460 0.13 1258.8 0.05
1460 0.16 1335.27 0.04
1461 0.12 1446.34 0.03
1461 0.15 1435.9 0.05
1463 0.11 1321.24 0.03
1463 0.12 1375.35 0.04
1464 0.16 1198.975 0.04
1467 0.11 1540.57 0.05
1467 0.15 1221.69 0.04
1467 0.18 1509.32 0.04
1472 0.02 1168.27 0.03
1473 0.04 1175.74 0.04
1474 0.08 1370.045 0.03
1475 0.1 1226.225 0.03
1476 0.16 1322.345 0.03
1480 0.13 1119.19 0.03
1481 0.12 1311.06 0.045
1484 0.08 1508.77 0.04
1484 0.11 1397.93 0.02
1484 0.14 1527.29 0.04
1484 0.15 1497.69 0.03
1485 0.16 1190.02 0.055
1485 0.19 1401.17 0.075
1486 0.19 1217.69 0.04
1489 0.03 1289.4 0.03
1489 0.07 1384.46 0.03
1493 0.11 1224.28 0.05
1495 0.13 1285.89 0.05
1497 0.03 1307.69 0.03
1497 0.05 1149.67 0.02
1497 0.12 1229.39 0.06
1500 0.19 1296.46 0.08
1503 0.07 1271.85 0.02
1503 0.08 1409.76 0.04
1503 0.12 1708.82 0.06
1504 0.1 1681.97 0.07
1505 0.06 1298.04 0.03
1505 0.18 1222.98 0.05
1506 0.02 1341.31 0.02
1507 0.15 1268.955 0.04
1509 0.08 1473.88 0.05
1510 0.11 1391.6 0.03
1510 0.12 1394.96 0.03
1510 0.17 1623.12 0.05
1512 0.09 1435.93 0.06
1515 0.14 1323.685 0.03
1515 0.18 1654.12 0.03
1516 0.02 1261.46 0.02
1518 0.15 1751.91 0.06
1521 0.04 1166.625 0.03
1521 0.13 1241.65 0.02
1521 0.18 1221.88 0.06
1522 0.06 1145.56 0.03
1523 0.11 1400.96 0.04
1524 0.03 1283.785 0.06
1526 0.15 1234.49 0.04
1528 0.08 1341.17 0.02
1530 0.07 1548.84 0.03
1532 0.03 1615.33 0.01
1534 0.14 1348.69 0.06
1535 0.05 1540.04 0.06
1536 0.14 1248 0.04
1537 0.11 1205.52 0.03
1538 0.09 1597.84 0.03
1539 0.11 1418.46 0.05
1540 0.17 1690.96 0.05
1541 0.14 1707.89 0.04
1548 0.07 1218.91 0.02
1549 0.15 1186.96 0.04
1549 0.2 1406.08 0.03
1550 0.11 1202.76 0.05
1550 0.18 1387.73 0.03
1551 0.13 1505.025 0.04
1551 0.17 1277.6 0.08
1554 0.03 1198.59 0.03
1557 0.03 1677.44 0.03
1557 0.1 1479.22 0.06
1559 0.05 1283.15 0.03
1559 0.12 1427.78 0.03
1560 0.1 1454.79 0.05
1564 0.05 1188.68 0.08
1564 0.13 1818.78 0.04
1565 0.02 1421.17 0.03
1567 0.09 1412.58 0.04
1567 0.18 1377.84 0.03
1568 0.17 1198.905 0.08
1569 0.04 1532.13 0.02
1574 0.13 1506.05 0.02
1574 0.16 1902.92 0.03
1574 0.2 1128.99 0.04
1575 0.06 1314.29 0.06
1577 0.04 1556.765 0.04
1580 0.02 1399.75 0.04
1581 0.19 1233.2 0.05
1582 0.02 1538.8 0.03
1583 0.13 1367.77 0.04
1586 0.18 1479.54 0.05
1586 0.19 1186.13 0.07
1588 0.03 1626.815 0.02
1588 0.14 1658.4 0.04
1589 0.13 1238.96 0.03
1589 0.16 1323.85 0.03
1592 0.07 1473.1 0.03
1594 0.03 1273.52 0.055
1595 0.09 1338.66 0.04
1598 0.08 1312.17 0.03
1598 0.14 1429.19 0.04
1599 0.03 1320.56 0.04
1600 0.18 1542.085 0.05
1601 0.13 1522.08 0.09
1601 0.19 1315.63 0.06
1605 0.05 1782.02 0.03
1605 0.17 1398.65 0.04
1606 0.05 1672.33 0.03
1607 0.14 1252.13 0.04
1609 0.02 1417.93 0.04
1609 0.07 2009.74 0.03
1610 0.06 1438.03 0.04
1610 0.11 1408.54 0.04
1613 0.02 1129.99 0.03
1613 0.16 1059.6 0.03
1616 0.11 1453.74 0.03
1617 0.05 1614.255 0.045
1623 0.08 1456.87 0.04
1623 0.1 1469.89 0.03
1624 0.06 1455.935 0.03
1626 0.07 1638.4 0.02
1626 0.12 1797.3 0.03
1627 0.05 1342.665 0.03
1627 0.11 1142.84 0.04
1627 0.2 1338.57 0.07
1628 0.05 1501.48 0.05
1629 0.08 1377.06 0.05
1629 0.17 1425.185 0.02
1630 0.17 1445.31 0.04
1630 0.1 1427.59 0.06
1632 0.06 1344.6 0.03
1633 0.09 1334.26 0.04
1637 0.15 1358.65 0.03
1639 0.03 1342.72 0.04
1639 0.16 1364.13 0.04
1640 0.06 1534.85 0.04
1642 0.03 1199.04 0.03
1642 0.07 1667.91 0.03
1643 0.06 1591.06 0.04
1643 0.08 1444.91 0.03
1644 0.14 1814.71 0.09
1644 0.16 1903.59 0.04
1646 0.15 1529.5 0.05
1646 0.17 1430.9 0.06
1647 0.15 1368.58 0.05
1647 0.17 1318.58 0.03
1647 0.2 1292.55 0.05
1651 0.02 1458.95 0.02
1651 0.06 1455.99 0.02
1651 0.12 1458.22 0.045
1651 0.18 1277.45 0.05
1652 0.04 1386.36 0.025
1653 0.17 1463 0.03
1654 0.18 1315.345 0.04
1660 0.2 1371.12 0.03
1662 0.08 1436.44 0.04
1662 0.2 2720.85 0.03
1664 0.04 1307.06 0.01
1664 0.09 1257.31 0.03
1664 0.14 1716.58 0.03
1665 0.05 1449.74 0.05
1666 0.05 1483.42 0.02
1668 0.16 1469.93 0.05
1677 0.06 1365.97 0.03
1683 0.02 1325.33 0.02
1683 0.13 1770.41 0.03
1685 0.05 1594.71 0.03
1687 0.08 1576.625 0.03
1691 0.17 1375.15 0.03
1695 0.17 1299.33 0.03
1696 0.02 1260.68 0.02
1696 0.04 1522.04 0.03
1696 0.11 1348.71 0.04
1697 0.12 2234.01 0.06
1697 0.13 1300.86 0.03
1697 0.14 1463.385 0.04
1697 0.1 1593.88 0.03
1700 0.04 1714.18 0.02
1700 0.13 1387.03 0.03
1701 0.14 1876.51 0.03
1702 0.08 1428.97 0.025
1703 0.18 1441.24 0.03
1705 0.17 1393.46 0.04
1706 0.04 1713.78 0.0111617018450185
1706 0.16 1464.28 0.06
1706 0.17 1472.81 0.04
1708 0.02 1406.1 0.02
1708 0.17 2421.905 0.03
1708 0.2 1321.55 0.03
1709 0.14 1697.765 0.02
1711 0.07 1284.07 0.02
1713 0.12 1306.23 0.05
1714 0.12 1337.08 0.03
1715 0.17 1929.55 0.04
1716 0.08 1254.47 0.04
1717 0.1 1440.945 0.03
1719 0.04 1423.58 0.03
1720 0.11 1322.92 0.07
1721 0.16 1677.75 0.05
1722 0.04 1496.53 0.02
1722 0.19 1408.67 0.03
1723 0.12 1253.075 0.04
1728 0.11 1374.85 0.04
1729 0.03 1328.8 0.04
1729 0.07 1229.25 0.03
1731 0.03 1646.8 0.02
1731 0.1 601.47 0.02
1733 0.11 1275.71 0.02
1734 0.03 1685.55 0.02
1734 0.13 1486.66 0.04
1737 0.05 1550.49 0.04
1737 0.16 1506.49 0.04
1738 0.03 1728.285 0.035
1738 0.11 1674.655 0.02
1739 0.06 1490.75 0.04
1746 0.2 1359.99 0.04
1747 0.02 1545.9 0.03
1748 0.13 1376.25 0.03
1748 0.2 2174.295 0.03
1751 0.17 1474.515 0.02
1755 0.02 1288.25 0.02
1755 0.06 1656.405 0.03
1757 0.2 1381.915 0.04
1761 0.08 1676.77 0.03
1761 0.13 1315.44 0.04
1762 0.18 1628.78 0.04
1763 0.08 1339.86 0.03
1764 0.19 1431.61 0.03
1764 0.2 1418.845 0.04
1765 0.15 1286.03 0.05
1767 0.19 1443.7 0.02
1768 0.06 1580.51 0.02
1768 0.09 1420.5 0.05
1768 0.1 1483.95 0.02
1770 0.07 1497.47 0.04
1770 0.19 1259.355 0.02
1771 0.16 1348.125 0.06
1775 0.04 1676.06 0.02
1778 0.07 1470.78 0.03
1778 0.15 1450.43 0.04
1778 0.17 1493.415 0.02
1783 0.11 1757.73 0.03
1783 0.2 1514.865 0.02
1785 0.09 1515.93 0.04
1785 0.11 1512.04 0.04
1785 0.1 1475.19 0.03
1788 0.02 1053.62 0.03
1789 0.07 1689.96 0.03
1795 0.02 1594.38 0.01
1799 0.06 1676.28 0.03
1803 0.1 1697.86 0.05
1804 0.05 1444.71 0.02
1804 0.2 1342.76 0.02
1805 0.19 1254.93 0.02
1809 0.06 1730.2 0.01
1809 0.13 1298.32 0.06
1810 0.19 1387.39 0.04
1811 0.16 1425.12 0.04
1811 0.19 1493.3 0.03
1812 0.14 1256.29 0.03
1814 0.06 1646.16 0.02
1814 0.15 1663.32 0.04
1814 0.19 1361.26 0.03
1814 0.2 1299.03 0.04
1818 0.03 1694.65 0.02
1818 0.06 1711.85 0.03
1819 0.05 1517.99 0.02
1820 0.13 1511.88 0.02
1822 0.11 1522.35 0.03
1822 0.14 1516.77 0.05
1822 0.2 1743.9 0.02
1824 0.1 1729.37 0.06
1826 0.02 591.63 0.02
1826 0.1 1316.47 0.03
1827 0.18 1374.865 0.06
1828 0.19 1390.38 0.04
1829 0.12 1762.58 0.03
1832 0.11 1496.27 0.02
1835 0.07 1696.02 0.015
1835 0.12 1507.64 0.02
1835 0.1 1306.7 0.02
1838 0.05 1572.64 0.03
1839 0.16 1459.48 0.03
1840 0.16 1714.95 0.02
1843 0.09 1595.15 0.02
1844 0.02 1424.32 0.02
1846 0.07 1838.76 0.03
1846 0.16 1425.09 0.03
1848 0.19 1490.545 0.04
1852 0.12 1752.3 0.02
1853 0.19 1260.805 0.02
1854 0.19 1522.81 0.04
1856 0.18 1528.67 0.03
1858 0.02 1433.42 0.02
1860 0.03 1707.71 0.02
1861 0.02 1756.435 0.02
1861 0.08 1415.315 0.04
1862 0.06 1830.205 0.02
1862 0.08 1261.33 0.02
1862 0.13 1701.64 0.04
1864 0.14 1798.32 0.03
1865 0.2 1519.83 0.03
1867 0.15 736.17 0.02
1868 0.06 1781.89 0.02
1868 0.07 1867.96 0.03
1868 0.08 1413.56 0.02
1869 0.17 1480.87 0.04
1871 0.09 1412.26 0.02
1874 0.04 1567.63 0.02
1874 0.08 1393.57 0.04
1875 0.19 2165.05 0.08
1876 0.06 687.06 0.02
1879 0.09 1611.7 0.02
1879 0.19 1639.62 0.02
1881 0.17 1630.695 0.03
1882 0.07 1816 0.02
1884 0.08 1507.65 0.02
1884 0.12 1574.52 0.03
1886 0.05 1620.72 0.045
1888 0.13 1892.06 0.02
1888 0.1 2086.935 0.03
1889 0.12 1871.71 0.04
1890 0.11 1712.76 0.04
1890 0.15 1398.43 0.03
1891 0.03 1675.76 0.03
1892 0.05 1395.76 0.02
1894 0.2 1361.845 0.02
1896 0.09 1459.37 0.035
1896 0.14 1957.38 0.04
1898 0.03 1828.35 0.02
1898 0.06 1661.975 0.01
1899 0.18 1642.59 0.09
1901 0.1 1589.46 0.02
1905 0.02 657.59 0.01
1905 0.17 1675.93 0.04
1908 0.14 2125.56 0.02
1908 0.1 1572.61 0.02
1910 0.11 1477.58 0.03
1912 0.02 1517.265 0.01
1912 0.14 1475.26 0.02
1912 0.19 1578.44 0.05
1913 0.08 1503.19 0.02
1913 0.13 1375.45 0.03
1916 0.11 1435.1 0.03
1918 0.04 1593.15 0.03
1918 0.16 1341.09 0.03
1919 0.12 1367.595 0.04
1920 0.12 1634.73 0.02
1922 0.17 1501.65 0.05
1923 0.1 1395.64 0.03
1929 0.05 1399.1 0.02
1929 0.11 1770.25 0.03
1931 0.06 1191.79 0.02
1932 0.1 1967.32 0.02
1933 0.04 1749.54 0.02
1933 0.19 1468.3 0.04
1937 0.09 1694.79 0.03
1938 0.02 1247.48 0.01
1938 0.2 1387.9 0.02
1939 0.15 1490.035 0.01
1941 0.05 1538.37 0.04
1943 0.15 1507.74 0.07
1943 0.19 1418.37 0.02
1945 0.08 1373.78 0.05
1945 0.14 1367.55 0.03
1948 0.07 1732.36 0.02
1950 0.15 1807.62 0.04
1951 0.08 1656.69 0.04
1952 0.16 1621.27 0.03
1953 0.03 1583.63 0.01
1953 0.09 1587.65 0.02
1955 0.07 1457.43 0.01
1956 0.03 1597.02 0.02
1957 0.05 1607.26 0.03
1963 0.03 1707.54 0.03
1965 0.05 1464.8 0.02
1965 0.18 1542.84 0.02
1966 0.11 1867.17 0.03
1968 0.03 1653.02 0.02
1970 0.06 1624.85 0.03
1971 0.03 1160.18 0.02
1971 0.18 1502.78 0.05
1974 0.09 1697.49 0.03
1975 0.14 2090.73 0.03
1976 0.03 1653 0.02
1976 0.07 1450.63 0.03
1979 0.02 1591.36 0.02
1979 0.19 1721.28 0.03
1981 0.15 1705.05 0.03
1982 0.16 1482.47 0.04
1983 0.1 1522.14 0.02
1984 0.1 1703.61 0.03
1985 0.02 1504.13 0.01
1985 0.06 1706.89 0.02
1986 0.13 1670.43 0.02
1989 0.12 1653.98 0.05
1989 0.17 1834.55 0.03
1990 0.15 1418.97 0.02
1990 0.19 1679.28 0.03
1994 0.17 1510.58 0.02
1995 0.12 1472.18 0.02
1996 0.11 1699.3 0.035
1997 0.03 1545.94 0.02
1998 0.04 2254.595 0.02
1998 0.14 1667.99 0.01
1999 0.03 1617.27 0.02
2000 0.06 1739.33 0.03
2000 0.07 1594.62 0.02
2001 0.12 1374.61 0.02
2002 0.17 1951.555 0.02
2003 0.2 1745.66 0.04
2006 0.03 1996.12 0.01
2007 0.07 1737.97 0.01
2010 0.05 1760.9 0.02
2011 0.05 1404.97 0.02
2012 0.16 1571.51 0.04
2013 0.06 1295.27 0.06
2013 0.12 1698.44 0.04
2014 0.05 1553.44 0.02
2015 0.2 1551.82 0.05
2016 0.02 1041.26 0.02
2017 0.03 1451.6 0.01
2017 0.07 1692.24 0.01
2017 0.16 1736.175 0.02
2018 0.06 1849.19 0.02
2020 0.2 1705.53 0.05
2021 0.14 1731.32 0.03
2022 0.1 1501.8 0.02
2024 0.04 2049.69 0.02
2025 0.05 1395.61 0.03
2028 0.2 1638.79 0.05
2033 0.19 1712.13 0.04
2034 0.15 1755.03 0.04
2034 0.1 1483.24 0.04
2038 0.12 1810.12 0.03
2038 0.19 1545.69 0.03
2044 0.14 1804.17 0.04
2045 0.06 1317.825 0.02
2045 0.16 1588.71 0.03
2048 0.08 1515.34 0.01
2048 0.12 1673.86 0.02
2048 0.17 1686.545 0.02
2048 0.18 1585.73 0.05
2049 0.02 1673.44 0.03
2049 0.16 1522.485 0.03
2049 0.18 1486.565 0.03
2049 0.1 1653.265 0.03
2049 0.2 1537.68 0.05
2050 0.05 1616.7 0.03
2050 0.12 1606.55 0.03
2050 0.13 1524.6 0.03
2055 0.12 1595.56 0.03
2057 0.2 1680.25 0.05
2058 0.06 1796.33 0.02
2059 0.06 1586.17 0.02
2060 0.14 1819.175 0.03
2060 0.19 1398.36 0.05
2061 0.02 1804.77 0.02
2061 0.13 1667.06 0.04
2062 0.04 1764.09 0.02
2062 0.13 1568.805 0.01
2066 0.08 1605.23 0.03
2067 0.11 984.09 0.04
2069 0.13 1400.09 0.02
2069 0.18 1839.64 0.03
2071 0.15 2069.17 0.03
2071 0.16 1656.2 0.02
2072 0.05 1493.275 0.03
2072 0.1 1525.48 0.04
2073 0.07 1525.345 0.02
2074 0.09 1590.05 0.02
2078 0.05 1221.91 0.01
2078 0.19 1528.63 0.01
2079 0.08 1593.73 0.02
2082 0.06 1557.68 0.02
2083 0.18 1364.5 0.04
2084 0.2 1398.53 0.02
2085 0.18 1574.82 0.04
2087 0.14 1442.61 0.03
2088 0.12 1469.29 0.03
2091 0.1 1436.96 0.03
2092 0.08 1368.73 0.03
2093 0.1 1847.9 0.05
2097 0.11 1485.21 0.03
2099 0.06 1973.01 0.02
2100 0.19 1699.4 0.02
2102 0.1 1744.38 0.03
2106 0.08 1553.01 0.03
2108 0.08 1733.36 0.04
2109 0.05 1423.955 0.02
2110 0.06 1842.9 0.01
2110 0.11 1705.22 0.02
2110 0.12 1470.02 0.02
2111 0.07 1512.91 0.02
2112 0.08 1453.82 0.02
2112 0.11 1742.04 0.02
2117 0.12 1780.485 0.02
2117 0.13 1605.55 0.01
2117 0.18 1632.79 0.03
2118 0.05 1734.58 0.02
2118 0.13 1582.44 0.02
2119 0.1 1367.57 0.03
2121 0.17 1601.45 0.04
2125 0.02 1366.67 0.01
2126 0.09 1532.43 0.04
2126 0.16 1835.02 0.03
2126 0.2 1145.63 0.03
2128 0.03 1549.49 0.03
2128 0.06 1715.21 0.03
2128 0.11 1614.16 0.02
2130 0.18 1978.86 0.02
2132 0.02 1789.56 0.01
2133 0.06 1513.26 0.02
2134 0.11 1651.33 0.04
2135 0.02 1701.59 0.02
2135 0.12 1668.38 0.02
2136 0.2 1705.38 0.02
2138 0.2 1665.725 0.04
2140 0.03 1996.13 0.02
2145 0.03 1621.01 0.02
2145 0.15 1611.795 0.02
2147 0.17 1698.58 0.02
2148 0.03 1408.62 0.03
2149 0.04 1774.415 0.02
2155 0.09 1923.32 0.02
2157 0.19 1901.04 0.02
2158 0.06 1581.89 0.02
2161 0.14 1060.59 0.03
2162 0.04 1615.81 0.01
2165 0.05 1231.23 0.03
2166 0.08 1702.48 0.02
2166 0.09 1799.91 0.03
2167 0.13 1733.48 0.04
2169 0.06 1852.57 0.02
2169 0.11 1823.21 0.03
2172 0.11 1697.36 0.03
2174 0.12 1468.01 0.02
2175 0.08 1910.93 0.0115148200442968
2176 0.05 1777.595 0.01
2179 0.15 1607.67 0.06
2183 0.06 1768.2 0.01
2184 0.17 1627.345 0.04
2185 0.11 1956.21 0.02
2187 0.09 1566.46 0.02
2187 0.14 1609.96 0.02
2188 0.04 1967.85 0.02
2190 0.2 1585.24 0.03
2192 0.1 2149.23 0.03
2193 0.14 2022.975 0.02
2193 0.2 1800.53 0.03
2195 0.17 1724.645 0.01
2200 0.06 1784.125 0.03
2200 0.15 1700.06 0.03
2200 0.1 1563.73 0.03
2201 0.14 1690.045 0.03
2206 0.02 1805.23 0.01
2206 0.1 1532.8 0.03
2209 0.06 1636.385 0.02
2210 0.05 1582.9 0.03
2212 0.14 1798.62 0.05
2215 0.15 1945.47 0.02
2216 0.17 1125.87 0.04
2221 0.09 1953.265 0.02
2221 0.12 1612.73 0.03
2224 0.1 1774.46 0.02
2225 0.03 1254.37 0.03
2228 0.05 1819.19 0.02
2228 0.14 1375.58 0.03
2228 0.18 1520.19 0.04
2230 0.18 1733.705 0.01
2231 0.17 1623.01 0.05
2236 0.09 1633.76 0.01
2238 0.1 1391.22 0.03
2242 0.06 1745.45 0.02
2244 0.05 1568.06 0.02
2245 0.04 1551.22 0.02
2245 0.13 1424.13 0.03
2246 0.02 1703.58 0.02
2246 0.12 1756.73 0.02
2246 0.17 1553.16 0.02
2248 0.02 1903.345 0.02
2249 0.18 1984.49 0.03
2251 0.07 1964.93 0.02
2251 0.09 1606.205 0.03
2253 0.09 1639.03 0.03
2255 0.2 1483.84 0.03
2256 0.05 1608.39 0.02
2259 0.15 1579.9 0.02
2260 0.15 1595.325 0.01
2260 0.16 1689.1 0.04
2262 0.1 1570.06 0.02
2263 0.18 2373.115 0.03
2266 0.03 1729.74 0.04
2268 0.13 1846.95 0.02
2273 0.06 1760.46 0.03
2273 0.14 1673.83 0.02
2275 0.09 1879.53 0.02
2276 0.13 1761.59 0.03
2278 0.04 2069.6 0.01
2278 0.2 1544.89 0.03
2279 0.04 1647.82 0.01
2281 0.05 1519.31 0.03
2282 0.02 1683.86 0.01
2284 0.14 2231.76 0.02
2285 0.12 1561.405 0.02
2286 0.14 1835.29 0.02
2286 0.17 1796.74 0.04
2287 0.15 2171.94 0.03
2287 0.17 1667 0.03
2288 0.13 1964.76 0.04
2288 0.14 2346.18 0.02
2289 0.12 1612.64 0.02
2289 0.2 1734.93 0.03
2290 0.09 1554.28 0.02
2293 0.19 1850.75 0.02
2295 0.02 669.67 0.01
2295 0.16 2084.09 0.02
2297 0.04 1915.32 0.02
2297 0.16 1768.21 0.03
2299 0.16 1748.74 0.02
2301 0.07 1686.86 0.02
2301 0.08 1920.13 0.03
2301 0.18 1685.93 0.04
2302 0.05 1834.94 0.03
2302 0.19 1515.4 0.03
2303 0.18 1925.61 0.02
2304 0.06 1718.705 0.01
2307 0.04 2185.37 0.02
2308 0.05 1714.02 0.03
2313 0.11 1551.18 0.02
2314 0.05 1366.54 0.02
2314 0.19 1486.48 0.03
2315 0.06 1851.255 0.01
2319 0.16 1859.88 0.03
2319 0.2 1686.48 0.03
2321 0.13 1707.51 0.02
2322 0.18 1693.26 0.04
2324 0.03 1992.37 0.02
2324 0.12 1578.26 0.02
2325 0.1 1477.605 0.02
2326 0.05 1964.47 0.02
2327 0.05 1693.99 0.03
2329 0.03 1637.98 0.02
2329 0.12 1898.66 0.03
2329 0.16 1571.87 0.03
2330 0.14 1640 0.04
2331 0.18 1686.24 0.03
2331 0.2 1802.33 0.07
2332 0.18 1573.3 0.04
2334 0.13 1778.685 0.03
2336 0.18 1477.51 0.03
2337 0.1 1895.48 0.01
2339 0.16 1781.5 0.02
2340 0.05 1669.24 0.01
2344 0.08 1882.77 0.02
2345 0.05 1306.55 0.02
2346 0.12 1900.15 0.03
2346 0.18 1639.58 0.03
2347 0.05 1487.35 0.03
2347 0.06 1843.6 0.02
2347 0.11 1508.465 0.03
2348 0.17 1382.505 0.03
2351 0.06 2285.75 0.02
2352 0.13 1517.23 0.04
2352 0.18 1790.53 0.01
2357 0.14 1844.91 0.04
2358 0.18 1759.08 0.03
2359 0.07 1689.74 0.02
2360 0.04 1581.56 0.02
2360 0.08 1878.09 0.02
2360 0.11 1627.06 0.02
2360 0.17 1502.49 0.03
2361 0.15 1769.1 0.04
2361 0.2 1682.41 0.03
2363 0.12 1619.76 0.02
2364 0.05 1756.075 0.01
2366 0.16 1893.33 0.05
2367 0.16 1785.34 0.02
2368 0.04 1832.94 0.01
2368 0.16 2064.12 0.02
2369 0.06 1573.81 0.02
2369 0.14 1606.78 0.03
2373 0.05 1808.35 0.06
2373 0.16 1612.265 0.02
2378 0.1 1616.085 0.03
2378 0.2 1768.56 0.06
2381 0.2 1725.07 0.04
2383 0.03 2041.02 0.01
2383 0.07 1594.86 0.02
2384 0.03 1844.81 0.02
2386 0.18 1799.185 0.02
2387 0.18 1758.97 0.06
2387 0.19 1637.58 0.03
2388 0.07 1779.96 0.02
2389 0.17 1569.41 0.02
2391 0.1 1650.21 0.02
2393 0.12 1656.22 0.03
2393 0.14 1632.55 0.02
2399 0.02 1681.57 0.02
2400 0.15 1612.04 0.02
2400 0.19 1774.46 0.03
2400 0.2 1754.07 0.04
2401 0.07 1736.54 0.02
2402 0.11 1924.02 0.04
2405 0.11 1879.925 0.02
2408 0.18 2130.09 0.03
2410 0.19 1547.07 0.045
2412 0.08 1610.945 0.03
2413 0.15 1772.57 0.02
2414 0.12 1762.12 0.02
2415 0.08 2150.25 0.02
2416 0.09 1519.465 0.02
2417 0.13 1902.33 0.03
2420 0.12 1519.26 0.03
2422 0.17 1583.51 0.03
2424 0.08 1591.51 0.03
2424 0.1 2184.935 0.02
2425 0.09 1889.75 0.02
2426 0.09 1216 0.01
2428 0.08 2123.74 0.02
2432 0.12 1942.245 0.02
2433 0.06 2047.695 0.02
2434 0.04 1631.49 0.02
2434 0.16 1672.93 0.02
2435 0.05 1716.18 0.02
2435 0.11 1625.81 0.03
2436 0.06 1652.745 0.02
2437 0.17 1905.27 0.02
2442 0.08 1883.4 0.02
2449 0.17 1623.87 0.04
2451 0.03 1600.1 0.01
2454 0.17 1647.69 0.05
2454 0.19 1763.79 0.04
2455 0.06 1888.27 0.02
2455 0.07 1814.66 0.01
2455 0.2 2058.36 0.05
2460 0.11 1855.38 0.02
2461 0.04 2022.615 0.01
2462 0.15 1739.68 0.03
2463 0.04 1698.86 0.03
2464 0.04 1976.97 0.01
2464 0.07 1913.26 0.02
2465 0.17 1929.21 0.02
2469 0.13 1874.53 0.04
2469 0.16 1876.775 0.03
2469 0.2 1641.78 0.03
2471 0.02 1918.79 0.02
2474 0.17 1543.5 0.03
2474 0.1 1745.045 0.03
2477 0.12 1767.14 0.01
2477 0.17 1861.9 0.03
2478 0.05 2352.81 0.02
2478 0.06 2277.07 0.02
2479 0.09 2014.4 0.02
2481 0.13 1635.55 0.03
2482 0.11 1796.73 0.04
2482 0.1 1711.91 0.02
2484 0.12 1635.11 0.0144324818684696
2485 0.05 1774.92 0.02
2485 0.16 1927.35 0.01
2485 0.2 1618.36 0.04
2486 0.15 1807.555 0.02
2486 0.19 1995.07 0.03
2487 0.16 1891.5 0.03
2488 0.04 1846.305 0.01
2490 0.07 1987.495 0.01
2490 0.11 1870.14 0.03
2491 0.16 1638.01 0.03
2492 0.13 1734.705 0.06
2493 0.13 1591.07 0.02
2495 0.18 1898.3 0.04
2498 0.15 1883.44 0.02
2499 0.08 1970.865 0.02
311 0.2 419.99 0.02
314 0.2 380.68 0.000331816544374563
340 0.17 357.99 1.4
343 0.2 346.99 0.18
345 0.15 478.28 1.87
357 0.15 474.18 0.04
363 0.18 369.69 0.155
365 0.2 377.54 0.19
366 0.18 469.44 0.08
372 0.19 497.95 0.17
374 0.17 447.13 0.05
376 0.18 465.69 0.15
380 0.18 367.325 -4.34244087837838e-06
382 0.18 435.67 0.07
383 0.14 403.93 0.19
385 0.19 411.02 0.1
388 0.12 357.93 0.22
392 0.13 590.26 0.23
398 0.19 574.66 0.21
399 0.19 478.79 0.02
401 0.16 435.985 0.08
403 0.14 457.73 0.26
408 0.2 576.08 0.085
416 0.15 462.635 0.21
416 0.19 455.64 0.72
421 0.14 484.365 0.09
422 0.14 448.66 1.09
425 0.11 687.52 0.11
425 0.2 446.355 0.08
427 0.14 489.24 0.07
427 0.16 430.815 0.115
429 0.18 640.19 0.13
431 0.18 368.73 0.09
432 0.14 496.16 0.13
445 0.13 442.9 0.15
445 0.18 787.73 0.09
447 0.12 497.2 0.07
449 0.2 411.64 0.09
454 0.14 537.69 0.11
458 0.16 440.65 0.05
463 0.1 514.89 0.155
467 0.15 558.97 0.09
467 0.16 485.99 0.05
467 0.2 473.135 0.22
468 0.14 427.85 0.05
470 0.15 427.63 0.04
473 0.13 562.43 0.07
474 0.18 555.57 0.1
479 0.14 520.46 0.41
485 0.11 631.63 0.08
487 0.19 542.18 0.07
489 0.15 496.03 0.06
489 0.18 624.99 0.08
493 0.1 508.05 0.08
496 0.19 796.25 0.06
496 0.2 527.5 0.17
497 0.19 494.1 0.09
500 0.11 528.07 0.2
500 0.18 534.98 0.13
502 0.12 534.59 0.11
502 0.18 487.55 0.07
503 0.1 577.91 0.07
504 0.13 534.34 0.12
505 0.13 568.33 0.08
505 0.19 589.71 0.08
509 0.11 619.2 0.12
509 0.13 502.39 0.06
512 0.15 451.64 0.06
512 0.18 585.69 0.15
513 0.1 691.55 0.06
516 0.18 679.75 0.08
517 0.19 638.38 0.06
519 0.17 502.75 0.05
522 0.17 464.69 0.07
522 0.2 544.61 0.19
524 0.15 508.54 0.05
527 0.08 503.13 0.08
527 0.2 635.62 0.08
528 0.13 716.12 0.11
530 0.13 892.41 0.15
532 0.11 556.52 0.12
541 0.18 481.62 0.16
544 0.12 557.02 2.07
547 0.15 554.54 0.08
547 0.16 528.66 0.11
548 0.2 504.99 0.12
550 0.17 551.92 0.25
551 0.11 582.25 0.18
551 0.19 584.21 0.05
552 0.12 669.96 0.09
553 0.07 676.22 0.13
554 0.15 716.79 0.08
554 0.18 988.76 0.07
555 0.17 534.83 0.07
556 0.15 477.11 0.08
557 0.15 488.47 0.09
565 0.19 462.96 0.1
565 0.2 622.17 0.09
566 0.18 595.17 0.07
567 0.11 608.9 0.09
569 0.16 663.55 0.06
573 0.15 553.83 0.12
579 0.13 560.76 0.07
579 0.17 610.505 0.1
579 0.2 576.685 0.18
585 0.15 588.83 0.09
587 0.15 583.05 0.11
587 0.17 553.96 0.15
593 0.18 638.14 0.05
597 0.15 625.55 0.1
601 0.14 544.97 0.11
602 0.12 559.33 0.07
602 0.13 666.64 0.07
603 0.11 769.37 0.08
605 0.11 583.99 0.03
606 0.16 704.87 0.07
607 0.16 551.48 0.11
608 0.11 532.23 0.05
609 0.11 594.22 0.05
611 0.19 626.19 0.13
613 0.11 652.37 0.09
613 0.12 632.5 0.11
613 0.18 485.48 0.1
616 0.16 643.79 0.04
618 0.16 570.77 0.09
620 0.07 697.29 0.09
620 0.12 562.84 0.1
621 0.2 607.05 0.19
622 0.11 536.06 0.1
626 0.08 639.96 0.09
626 0.12 726.17 0.07
631 0.17 670.52 0.11
631 0.1 622.98 0.11
633 0.15 737.99 0.1
634 0.19 540.35 0.11
635 0.07 807.47 0.04
638 0.16 600.32 0.06
639 0.08 711.51 0.08
643 0.2 568.45 0.12
644 0.16 957.38 0.12
647 0.18 652.73 0.09
649 0.17 698.59 0.06
649 0.19 520.32 0.09
651 0.08 479.73 0.07
651 0.11 567.695 0.06
652 0.17 533.77 0.07
654 0.16 788.34 0.08
662 0.11 655.68 0.07
662 0.17 653.95 0.08
663 0.12 547.55 0.12
668 0.14 867.49 0.05
669 0.18 815.73 0.06
669 0.2 842.27 0.1
672 0.08 716.32 0.13
673 0.12 734.16 0.09
674 0.16 693.19 0.13
676 0.11 875.73 0.07
678 0.11 598.74 0.06
678 0.1 740.72 0.09
679 0.07 697.33 0.08
679 0.17 639.08 0.06
680 0.19 678.12 0.15
682 0.19 537.79 0.04
685 0.18 1055.03 0.03
686 0.14 640.68 0.1
687 0.15 876.91 0.11
689 0.07 805.41 0.08
693 0.18 670.77 0.09
694 0.06 768.63 0.08
698 0.14 620.64 0.07
700 0.15 854.84 0.09
701 0.2 761.28 0.4
704 0.11 708.64 0.12
704 0.1 651.8 0.09
706 0.09 666.47 0.05
706 0.12 582.15 0.12
706 0.19 644.9 0.1
707 0.16 771.21 0.06
707 0.17 568.51 0.1
708 0.15 639.025 0.04
709 0.18 842.11 0.09
711 0.07 631.37 0.07
711 0.13 737.31 0.1
712 0.11 608.41 0.08
712 0.15 571.97 0.12
713 0.18 601.24 0.07
716 0.07 778.92 0.04
718 0.11 735.7 0.11
721 0.08 788.105 0.1
721 0.2 668.7 0.06
723 0.14 677.63 0.1
730 0.2 778.37 0.08
733 0.2 1093.53 0.12
736 0.12 664.55 0.09
736 0.18 720.8 0.16
737 0.2 945.805 0.07
739 0.18 741.34 0.07
742 0.15 826.69 0.06
742 0.17 902.32 0.11
743 0.06 880.595 0.06
745 0.16 653.27 0.15
746 0.09 769.55 0.08
748 0.2 768.85 0.13
750 0.13 1072.94 0.06
751 0.11 946.92 0.09
751 0.19 852.87 0.13
753 0.1 707.81 0.08
754 0.14 691.895 0.105
755 0.15 735.1 0.08
761 0.06 1081.06 0.05
761 0.13 1024.515 0.11
761 0.1 818.05 0.09
763 0.09 800.975 0.13
764 0.05 775.12 0.05
764 0.12 831.73 0.09
765 0.11 741.39 0.13
766 0.16 788.34 0.11
769 0.14 720.9 0.09
770 0.06 866.04 0.04
770 0.17 741.68 0.14
771 0.08 706.58 0.07
772 0.12 775.02 0.06
772 0.14 811.5 0.17
774 0.08 835.055 0.11
780 0.07 778.355 0.07
781 0.07 800.275 0.08
783 0.17 665.37 0.27
786 0.18 830.89 0.1
787 0.1 950.2 0.09
789 0.16 846.84 0.08
789 0.19 795.08 0.08
790 0.09 945.66 0.07
792 0.07 1003.79 0.06
792 0.19 854.075 0.16
792 0.1 622.655 0.09
795 0.12 1060.165 0.1
795 0.18 932.36 0.07
798 0.09 756.62 0.07
799 0.08 742.2 0.05
802 0.16 874.73 0.04
803 0.04 696.6 0.13
803 0.2 825.74 0.07
805 0.07 785.09 0.05
805 0.11 692.77 0.05
805 0.1 788.58 0.06
808 0.08 697.06 0.07
809 0.19 1115.62 0.07
810 0.2 774.88 0.14
812 0.19 876.17 0.09
815 0.09 785.74 0.09
815 0.2 777.44 0.08
816 0.09 871.975 0.1
828 0.19 840.58 0.15
829 0.19 734.45 0.1
830 0.04 729.5 0.05
834 0.07 1182 0.06
834 0.18 730.91 0.12
836 0.19 834.745 0.1
836 0.1 673.76 0.08
837 0.13 813.16 0.08
841 0.18 634.84 0.07
843 0.18 899.51 0.08
844 0.05 768.47 0.05
844 0.11 738.645 0.09
847 0.16 856.07 0.06
851 0.11 899.79 0.05
851 0.15 817.62 0.1
852 0.12 888.64 0.11
852 0.19 911.5 0.11
852 0.1 781.42 0.03
853 0.18 740.62 0.22
854 0.06 806.81 0.08
856 0.11 839.685 0.08
857 0.04 741.02 0.1
857 0.16 1146.92 0.07
859 0.09 990.45 0.05
859 0.18 652.31 0.085
860 0.09 1097.55 0.08
864 0.15 771.41 0.11
866 0.18 699.995 0.06
869 0.05 1031.66 0.08
869 0.19 800.15 0.05
871 0.12 767.95 0.14
871 0.1 789.21 0.1
876 0.08 1120.67 0.07
878 0.11 954.22 0.08
878 0.17 675.59 0.08
879 0.16 822.51 0.06
882 0.05 1017.75 0.04
883 0.08 769.22 0.04
887 0.08 647.03 0.05
890 0.06 948.475 0.08
891 0.17 790.2 0.09
892 0.17 880.13 0.07
893 0.08 1115.82 0.07
893 0.17 683.53 0.06
894 0.19 1089.53 0.06
896 0.04 879.15 0.06
896 0.07 816.51 0.07
897 0.15 848.09 0.07
897 0.17 807.11 0.13
898 0.1 765.055 0.05
906 0.06 799.05 0.06
906 0.07 668.01 0.05
909 0.07 1119.13 0.05
912 0.14 857.82 0.09
912 0.1 824.01 0.115
918 0.18 840.8 0.09
919 0.2 877.48 0.1
920 0.16 1066.5 0.105
922 0.05 786.31 0.03
922 0.12 916.02 0.1
922 0.18 802.605 0.09
923 0.15 1012.69 0.08
925 0.1 1021.38 0.11
928 0.04 963.04 0.06
929 0.19 900.56 0.12
929 0.2 882.81 0.06
930 0.12 630.04 0.11
930 0.2 824.715 0.07
931 0.13 977.565 0.06
931 0.2 739.45 0.09
932 0.17 843.04 0.08
934 0.08 1030.44 0.05
935 0.13 788.68 0.07
937 0.07 776.64 0.08
941 0.13 1009.56 0.04
942 0.15 866.14 0.05
945 0.19 1109.08 0.1
947 0.07 993.32 0.06
950 0.07 838.07 0.04
951 0.09 1073.72 0.07
953 0.12 874.85 0.1
954 0.06 825.92 0.06
957 0.06 1159.75 0.05
957 0.08 1047.25 0.04
957 0.18 1072.705 0.07
958 0.18 904.47 0.06
959 0.08 712.95 0.06
963 0.11 1020.47 0.05
967 0.17 878.4 0.08
968 0.12 850.435 0.055
968 0.16 1252.9 0.12
968 0.18 833.74 0.07
971 0.15 838.23 0.07
972 0.16 834.545 0.05
976 0.04 897.4 0.07
978 0.12 1009.72 0.04
979 0.09 999.64 0.04
981 0.07 770.39 0.05
982 0.19 1211.94 0.09
983 0.04 898.22 0.05
983 0.07 897.92 0.11
983 0.08 989.63 0.05
990 0.06 789.99 0.05
990 0.17 855.4 0.06
990 0.18 1021.63 0.08
991 0.05 962.69 0.05
991 0.15 958.1 0.12
994 0.11 1173.83 0.06
995 0.17 818.805 0.12
998 0.11 1170.95 0.06
999 0.09 919.895 0.05
999 0.18 932.35 0.06
